
-- Student 1
INSERT INTO StudentsInClass VALUES
 (1,1,'A',1)
,(1,2,'B+',1)
,(1,3,'A',1)
,(1,7,'A',1)
,(1,8,'A',1)
,(1,9,'A',1)
,(1,13,'A',1)
,(1,14,'A',1)
,(1,15,'B-',1)
,(1,19,'A',1)
,(1,20,'B',1)
,(1,21,'B-',1)
,(1,31,'B+',1)
,(1,32,'A',1)
,(1,33,'B+',1)
,(1,8,'A',1)
,(1,9,'A',1)
,(1,13,'A',1)
,(1,14,'A',1)
,(1,15,'B-',1)
,(1,19,'A',1)
,(1,20,'B',1)
,(1,21,'B-',1)
,(1,2,'B+',1)
,(1,3,'A',1)
,(1,7,'A',1)
,(1,8,'A',1)
,(1,9,'A',1)
,(1,13,'A',1)
,(1,14,'A',1)
,(1,15,'B-',1)
,(1,19,'A',1)
,(1,20,'B',1)
,(1,21,'B-',1)

-- Student 2
INSERT INTO StudentsInClass VALUES
 (2,1,'A-',1)
,(2,2,'B+',1)
,(2,3,'B',1)
,(2,7,'B',1)
,(2,8,'A',1)
,(2,9,'B',1)
,(2,13,'B',1)
,(2,14,'A',1)
,(2,15,'C+',1)
,(2,19,'A',1)
,(2,20,'B',1)
,(2,21,'C',1)
,(2,31,'A-',1)
,(2,32,'A',1)
,(2,33,'A',1)
,(2,8,'A',1)
,(2,9,'B',1)
,(2,13,'B',1)
,(2,14,'A',1)
,(2,15,'C+',1)
,(2,19,'A',1)
,(2,20,'B',1)
,(2,21,'C',1)

-- Student 3
INSERT INTO StudentsInClass VALUES
 (3,1,'B+',1)
,(3,2,'A-',1)
,(3,3,'A',1)
,(3,7,'B',1)
,(3,8,'A',1)
,(3,9,'C',1)
,(3,13,'B-',1)
,(3,14,'A',1)
,(3,15,'C',1)
,(3,19,'B',1)
,(3,20,'B',1)
,(3,21,'C+',1)
,(3,31,'B',1)
,(3,32,'B+',1)
,(3,33,'A',1)
,(3,8,'A',1)
,(3,9,'C',1)
,(3,13,'B-',1)
,(3,14,'A',1)
,(3,15,'C',1)
,(3,19,'B',1)
,(3,20,'B',1)
,(3,21,'C+',1)

-- Student 4
INSERT INTO StudentsInClass VALUES
 (4,1,'C+',1)
,(4,2,'B-',1)
,(4,3,'B',1)
,(4,7,'A',1)
,(4,8,'A',1)
,(4,9,'B',1)
,(4,13,'B',1)
,(4,14,'B',1)
,(4,15,'B-',1)
,(4,19,'A',1)
,(4,20,'B',1)
,(4,21,'A-',1)
,(4,31,'C+',1)
,(4,32,'A',1)
,(4,33,'C',1)
,(4,8,'A',1)
,(4,9,'B',1)
,(4,13,'B',1)
,(4,14,'B',1)
,(4,15,'B-',1)
,(4,19,'A',1)
,(4,20,'B',1)
,(4,21,'A-',1)

-- Student 5
INSERT INTO StudentsInClass VALUES
 (5,1,'A',1)
,(5,2,'B',1)
,(5,3,'A',1)
,(5,7,'B',1)
,(5,8,'A',1)
,(5,9,'B',1)
,(5,13,'A',1)
,(5,14,'A',1)
,(5,15,'B+',1)
,(5,19,'A',1)
,(5,20,'A',1)
,(5,21,'B+',1)
,(5,31,'A-',1)
,(5,32,'C+',1)
,(5,33,'B-',1)
,(5,8,'A',1)
,(5,9,'B',1)
,(5,13,'A',1)
,(5,14,'A',1)
,(5,15,'B+',1)
,(5,19,'A',1)
,(5,20,'A',1)
,(5,21,'B+',1)

-- Student 6
INSERT INTO StudentsInClass VALUES
 (6,4,'A',1)
,(6,5,'A',1)
,(6,6,'A',1)
,(6,10,'A',1)
,(6,11,'A',1)
,(6,12,'A',1)
,(6,16,'A',1)
,(6,17,'A',1)
,(6,18,'B+',1)
,(6,22,'B',1)
,(6,23,'A',1)
,(6,24,'C+',1)
,(6,34,'C+',1)
,(6,35,'B-',1)
,(6,36,'A',1)
,(6,11,'A',1)
,(6,12,'A',1)
,(6,16,'A',1)
,(6,17,'A',1)
,(6,18,'B+',1)
,(6,22,'B',1)
,(6,23,'A',1)
,(6,24,'C+',1)

-- Student 7
INSERT INTO StudentsInClass VALUES
 (7,4,'B+',1)
,(7,5,'A',1)
,(7,6,'A',1)
,(7,10,'A',1)
,(7,11,'B',1)
,(7,12,'B',1)
,(7,16,'A',1)
,(7,17,'A',1)
,(7,18,'C+',1)
,(7,22,'B',1)
,(7,23,'A',1)
,(7,24,'A-',1)
,(7,34,'B-',1)
,(7,35,'B+',1)
,(7,36,'B',1)
,(7,11,'B',1)
,(7,12,'B',1)
,(7,16,'A',1)
,(7,17,'A',1)
,(7,18,'C+',1)
,(7,22,'B',1)
,(7,23,'A',1)
,(7,24,'A-',1)

-- Student 8
INSERT INTO StudentsInClass VALUES
 (8,4,'B-',1)
,(8,5,'B',1)
,(8,6,'B',1)
,(8,10,'B',1)
,(8,11,'A',1)
,(8,12,'A',1)
,(8,16,'B',1)
,(8,17,'A',1)
,(8,18,'A-',1)
,(8,22,'A',1)
,(8,23,'C',1)
,(8,24,'B-',1)
,(8,34,'B',1)
,(8,35,'B+',1)
,(8,36,'A',1)
,(8,11,'A',1)
,(8,12,'A',1)
,(8,16,'B',1)
,(8,17,'A',1)
,(8,18,'A-',1)
,(8,22,'A',1)
,(8,23,'C',1)
,(8,24,'B-',1)

-- Student 9
INSERT INTO StudentsInClass VALUES
 (9,4,'C+',1)
,(9,5,'B',1)
,(9,6,'A',1)
,(9,10,'B',1)
,(9,11,'B',1)
,(9,12,'B',1)
,(9,16,'C',1)
,(9,17,'A',1)
,(9,18,'C-',1)
,(9,22,'C',1)
,(9,23,'F',0)
,(9,24,'A',1)
-- Student 10 =>  Dropped out Student
